
RESULTS TABLE (scores per player)
Difficulty | Game | Player 1 | Player 2 | Player 3 | Player 4 | Player 5 | Player 6 | Avg Score
---------------------------------------------------------------------------------------------------
Easy       |    1 |        6 |        8 |        4 |        2 |        7 |        0 |     4.50
Easy       |    2 |        0 |        5 |        0 |        6 |        0 |        6 |     2.83
Easy       |    3 |        3 |       11 |        0 |        0 |        0 |       12 |     4.33
Easy       |    4 |        7 |        0 |        8 |       19 |        0 |       14 |     8.00
Easy       |    5 |        0 |        0 |        0 |        9 |        4 |        0 |     2.17
Medium     |    1 |       10 |       20 |       12 |       12 |       20 |       20 |    15.67
Medium     |    2 |       29 |       13 |       12 |       11 |       35 |       19 |    19.83
Medium     |    3 |       12 |       15 |       24 |       14 |       20 |       25 |    18.33
Medium     |    4 |       25 |       23 |       18 |       18 |       23 |       21 |    21.33
Medium     |    5 |       27 |       17 |       20 |       28 |        7 |        7 |    17.67
Hard       |    1 |       27 |       25 |       31 |       30 |       21 |       23 |    26.17
Hard       |    2 |       21 |       15 |       28 |       34 |       28 |       35 |    26.83
Hard       |    3 |       24 |       29 |       32 |       32 |       23 |       18 |    26.33
Hard       |    4 |       20 |       16 |       25 |       24 |       34 |       33 |    25.33
Hard       |    5 |       25 |       29 |       16 |       29 |       27 |       31 |    26.17
